Potential Energy = 32.18951416497461
v0 = 58.746792240196925
xmax = 107.17967697244652
