Potential Energy = 32.189514164974604
v0 = 58.746792240196925
xmax = 107.17967697244652
